286 8
287 5
288 9
289 5
290 0
291 0
292 1
293 9
294 7
295 9
296 9
297 9
298 1
299 3
300 0
301 5
302 4
303 -1
304 7
305 6
306 1
307 9
308 8
309 6
310 9
311 9
312 2
313 10
314 1
315 1
316 9
317 2
318 5
319 10
320 0
321 0
322 3
323 7
324 0
325 6
326 3
327 10
328 0
329 5
330 9
331 7
332 2
333 9
334 9
335 9
336 2
337 0
338 2
339 2
340 2
341 7
342 4
343 3
344 5
345 5
346 10
347 0
348 3
349 1
350 6
351 3
352 10
353 8
354 3
355 6
356 2
357 6
358 10
359 6
360 5
361 2
362 5
363 5
364 5
365 5
366 5
367 9
368 1
369 2
370 5
371 4
372 10
373 3
374 1
375 3
376 9
377 2
378 6
