187 5
188 9
189 1
190 5
191 0
192 6
193 5
194 5
195 6
196 10
197 0
198 8
199 8
200 8
201 1
202 9
203 1
204 8
205 1
206 7
207 2
208 6
209 5
210 3
211 9
212 0
213 3
214 4
215 7
216 -1
217 9
218 8
219 8
220 9
221 10
222 2
223 8
224 5
225 8
226 10
227 7
228 7
229 7
230 8
231 10
232 8
233 9
234 10
235 3
236 10
237 6
238 10
239 1
240 2
241 8
242 2
243 4
244 9
245 8
246 6
247 1
248 2
249 10
250 7
251 5
252 0
253 0
254 10
255 4
256 0
257 9
258 2
259 0
260 8
261 7
262 4
263 3
264 4
265 8
266 1
267 5
268 7
269 3
270 2
271 9
272 1
273 10
274 0
275 0
276 1
277 6
278 2
279 4
280 10
281 3
282 1
283 2
284 3
285 9
