379 7
380 1
381 8
382 3
383 9
384 6
385 5
386 6
387 9
388 4
389 0
390 3
391 9
392 9
393 9
394 7
395 2
396 4
397 8
398 4
399 0
400 5
401 0
402 3
403 2
404 6
405 5
406 3
407 5
408 1
409 7
410 4
411 1
412 8
413 5
414 10
415 0
416 3
417 1
418 0
419 2
420 9
421 6
422 10
423 4
424 7
425 1
426 9
427 3
428 0
429 0
430 10
431 10
432 0
433 1
434 3
435 4
436 5
437 2
438 -1
439 8
440 5
441 10
442 6
443 10
444 5
445 0
446 4
447 6
448 4
449 10
450 5
451 6
452 8
453 10
454 2
455 4
456 1
457 1
458 2
459 8
460 6
461 6
462 4
463 10
464 3
465 2
466 2
467 5
468 4
469 2
470 1
471 9
472 5
473 10
474 8
475 2
