286 7
287 -1
288 9
289 8
290 5
291 6
292 4
293 8
294 3
295 8
296 10
297 7
298 0
299 7
300 3
301 4
302 7
303 4
304 6
305 4
306 10
307 9
308 1
309 7
310 5
311 9
312 0
313 3
314 4
315 6
316 6
317 1
318 6
319 0
320 3
321 4
322 2
323 5
324 2
325 7
326 4
327 9
328 4
329 9
330 5
331 3
332 5
333 8
334 3
335 8
336 2
337 8
338 2
339 5
340 9
341 7
342 3
343 6
344 0
345 3
346 8
347 8
348 0
349 2
350 9
351 7
352 5
353 1
354 9
355 9
356 8
357 7
358 6
359 5
360 0
361 4
362 8
363 3
364 4
365 7
366 5
367 9
368 1
369 2
370 10
371 6
372 10
373 3
374 9
375 0
376 1
377 7
378 4
