187 1
188 9
189 0
190 5
191 2
192 1
193 9
194 0
195 2
196 10
197 4
198 9
199 6
200 0
201 3
202 10
203 7
204 10
205 8
206 10
207 -1
208 5
209 7
210 4
211 2
212 6
213 3
214 5
215 7
216 9
217 4
218 6
219 0
220 6
221 8
222 6
223 3
224 7
225 10
226 8
227 9
228 2
229 6
230 5
231 2
232 10
233 5
234 7
235 9
236 5
237 8
238 0
239 8
240 8
241 8
242 9
243 0
244 3
245 3
246 4
247 9
248 7
249 6
250 5
251 10
252 0
253 5
254 10
255 9
256 2
257 9
258 4
259 8
260 9
261 0
262 3
263 2
264 4
265 7
266 2
267 3
268 0
269 10
270 4
271 4
272 6
273 7
274 5
275 7
276 1
277 2
278 9
279 2
280 2
281 4
282 9
283 10
284 6
285 6
