187 8
188 10
189 -1
190 5
191 8
192 4
193 0
194 8
195 4
196 9
197 0
198 6
199 7
200 8
201 4
202 1
203 8
204 8
205 1
206 5
207 9
208 1
209 9
210 2
211 2
212 5
213 0
214 1
215 7
216 4
217 3
218 2
219 5
220 6
221 9
222 9
223 2
224 4
225 1
226 8
227 8
228 5
229 2
230 0
231 1
232 7
233 3
234 2
235 8
236 6
237 10
238 1
239 8
240 2
241 0
242 10
243 9
244 7
245 8
246 1
247 5
248 7
249 2
250 3
251 6
252 3
253 8
254 4
255 7
256 6
257 5
258 10
259 2
260 0
261 5
262 1
263 2
264 6
265 2
266 3
267 8
268 1
269 4
270 0
271 5
272 5
273 1
274 2
275 1
276 3
277 1
278 9
279 5
280 8
281 1
282 10
283 2
284 7
285 7
