187 2
188 3
189 3
190 4
191 1
192 10
193 4
194 9
195 0
196 8
197 9
198 8
199 7
200 1
201 7
202 4
203 6
204 4
205 9
206 7
207 9
208 2
209 2
210 1
211 10
212 2
213 5
214 0
215 4
216 5
217 1
218 1
219 1
220 4
221 10
222 7
223 -1
224 5
225 5
226 10
227 2
228 5
229 0
230 4
231 5
232 5
233 5
234 7
235 0
236 2
237 5
238 6
239 8
240 0
241 2
242 10
243 7
244 6
245 9
246 7
247 6
248 7
249 5
250 10
251 4
252 9
253 3
254 7
255 3
256 6
257 9
258 4
259 4
260 2
261 0
262 5
263 1
264 5
265 0
266 3
267 8
268 6
269 7
270 10
271 3
272 7
273 1
274 7
275 5
276 9
277 2
278 0
279 4
280 8
281 0
282 10
283 5
284 5
285 4
