94 6
95 9
96 1
97 7
98 0
99 9
100 1
101 0
102 5
103 0
104 1
105 0
106 0
107 10
108 0
109 3
110 10
111 7
112 7
113 4
114 1
115 1
116 0
117 6
118 6
119 10
120 2
121 2
122 3
123 2
124 8
125 10
126 2
127 1
128 5
129 9
130 8
131 3
132 2
133 9
134 3
135 1
136 6
137 5
138 7
139 10
140 2
141 8
142 4
143 2
144 4
145 8
146 3
147 1
148 3
149 6
150 4
151 3
152 1
153 0
154 2
155 3
156 4
157 3
158 2
159 2
160 9
161 3
162 10
163 1
164 5
165 1
166 8
167 10
168 4
169 2
170 2
171 5
172 -1
173 9
174 8
175 4
176 6
177 10
178 1
179 0
180 4
181 10
182 2
183 9
184 2
185 4
186 2
