379 1
380 7
381 3
382 3
383 7
384 3
385 0
386 9
387 2
388 7
389 1
390 6
391 5
392 1
393 7
394 9
395 0
396 5
397 10
398 2
399 10
400 6
401 2
402 3
403 2
404 8
405 8
406 7
407 2
408 8
409 3
410 9
411 7
412 0
413 4
414 3
415 9
416 9
417 10
418 8
419 2
420 8
421 10
422 2
423 4
424 4
425 2
426 3
427 2
428 5
429 6
430 9
431 9
432 7
433 7
434 3
435 4
436 6
437 0
438 9
439 3
440 3
441 7
442 3
443 7
444 4
445 1
446 0
447 9
448 1
449 8
450 6
451 2
452 10
453 0
454 0
455 10
456 3
457 4
458 9
459 0
460 1
461 1
462 10
463 7
464 0
465 7
466 3
467 7
468 4
469 6
470 6
471 1
472 7
473 7
474 10
475 3
