379 2
380 0
381 8
382 9
383 5
384 4
385 9
386 9
387 7
388 3
389 6
390 0
391 9
392 1
393 3
394 4
395 9
396 8
397 0
398 2
399 -1
400 1
401 4
402 4
403 5
404 3
405 1
406 1
407 10
408 5
409 1
410 4
411 3
412 8
413 0
414 10
415 2
416 9
417 1
418 9
419 6
420 8
421 3
422 4
423 10
424 6
425 4
426 3
427 8
428 2
429 0
430 6
431 4
432 10
433 2
434 2
435 9
436 9
437 8
438 7
439 8
440 10
441 10
442 1
443 2
444 5
445 6
446 3
447 1
448 1
449 7
450 9
451 10
452 9
453 4
454 4
455 9
456 9
457 1
458 8
459 9
460 2
461 5
462 3
463 7
464 3
465 5
466 7
467 1
468 0
469 0
470 10
471 9
472 9
473 2
474 10
475 7
