94 6
95 10
96 4
97 7
98 1
99 4
100 10
101 6
102 3
103 0
104 0
105 7
106 7
107 7
108 2
109 4
110 4
111 8
112 9
113 3
114 4
115 6
116 2
117 10
118 2
119 3
120 4
121 8
122 10
123 5
124 5
125 9
126 6
127 3
128 6
129 9
130 3
131 8
132 3
133 0
134 4
135 7
136 9
137 8
138 9
139 -1
140 7
141 2
142 9
143 8
144 8
145 7
146 1
147 1
148 5
149 3
150 2
151 1
152 5
153 9
154 1
155 8
156 7
157 4
158 7
159 2
160 4
161 8
162 4
163 10
164 6
165 1
166 5
167 2
168 9
169 5
170 4
171 3
172 8
173 0
174 0
175 5
176 4
177 1
178 8
179 10
180 8
181 2
182 9
183 9
184 4
185 9
186 1
