187 4
188 6
189 2
190 1
191 1
192 3
193 10
194 3
195 4
196 1
197 8
198 7
199 1
200 1
201 10
202 6
203 5
204 0
205 5
206 9
207 4
208 -1
209 1
210 7
211 3
212 4
213 5
214 2
215 3
216 7
217 6
218 9
219 6
220 9
221 7
222 3
223 6
224 7
225 0
226 9
227 8
228 5
229 8
230 7
231 10
232 6
233 10
234 5
235 1
236 5
237 6
238 5
239 1
240 6
241 6
242 3
243 6
244 0
245 3
246 7
247 7
248 6
249 1
250 8
251 0
252 3
253 8
254 0
255 7
256 10
257 2
258 8
259 2
260 2
261 7
262 7
263 4
264 8
265 10
266 6
267 6
268 4
269 2
270 10
271 0
272 6
273 2
274 5
275 10
276 3
277 9
278 2
279 5
280 2
281 3
282 5
283 0
284 5
285 3
