379 9
380 2
381 10
382 5
383 1
384 9
385 7
386 6
387 5
388 8
389 7
390 4
391 6
392 5
393 5
394 8
395 10
396 3
397 0
398 3
399 5
400 10
401 -1
402 0
403 8
404 2
405 6
406 3
407 4
408 7
409 1
410 2
411 3
412 10
413 5
414 1
415 0
416 7
417 9
418 4
419 2
420 5
421 4
422 5
423 9
424 3
425 10
426 4
427 6
428 1
429 7
430 1
431 10
432 4
433 1
434 8
435 10
436 1
437 2
438 10
439 4
440 6
441 10
442 6
443 10
444 3
445 6
446 7
447 1
448 9
449 4
450 10
451 8
452 7
453 2
454 0
455 4
456 10
457 9
458 7
459 0
460 7
461 4
462 6
463 8
464 3
465 5
466 7
467 9
468 10
469 3
470 3
471 3
472 2
473 5
474 9
475 2
