379 10
380 9
381 9
382 10
383 9
384 1
385 4
386 10
387 6
388 4
389 0
390 5
391 3
392 4
393 5
394 0
395 8
396 9
397 2
398 5
399 4
400 6
401 5
402 1
403 2
404 0
405 2
406 0
407 10
408 4
409 4
410 4
411 3
412 5
413 4
414 1
415 3
416 2
417 1
418 5
419 1
420 10
421 10
422 9
423 4
424 6
425 -1
426 2
427 0
428 8
429 10
430 0
431 0
432 7
433 0
434 6
435 3
436 6
437 5
438 10
439 0
440 10
441 1
442 4
443 2
444 5
445 3
446 6
447 8
448 3
449 9
450 7
451 4
452 8
453 3
454 5
455 9
456 5
457 6
458 8
459 6
460 9
461 2
462 10
463 2
464 10
465 5
466 3
467 7
468 8
469 7
470 10
471 8
472 3
473 6
474 7
475 5
