379 2
380 6
381 1
382 10
383 3
384 4
385 0
386 4
387 2
388 0
389 4
390 5
391 10
392 4
393 1
394 6
395 5
396 4
397 9
398 8
399 9
400 10
401 0
402 -1
403 10
404 6
405 7
406 2
407 9
408 5
409 1
410 7
411 4
412 1
413 5
414 9
415 0
416 10
417 3
418 10
419 7
420 9
421 9
422 10
423 2
424 5
425 4
426 1
427 8
428 0
429 9
430 6
431 4
432 5
433 7
434 4
435 2
436 7
437 4
438 7
439 6
440 10
441 8
442 0
443 5
444 1
445 8
446 10
447 9
448 9
449 1
450 8
451 2
452 0
453 9
454 0
455 10
456 10
457 10
458 8
459 4
460 3
461 10
462 6
463 10
464 1
465 2
466 3
467 6
468 9
469 9
470 0
471 9
472 6
473 1
474 8
475 10
