286 4
287 2
288 9
289 4
290 8
291 3
292 2
293 6
294 10
295 3
296 3
297 7
298 3
299 2
300 5
301 10
302 6
303 7
304 5
305 1
306 2
307 2
308 3
309 -1
310 3
311 4
312 7
313 0
314 3
315 0
316 5
317 0
318 10
319 8
320 5
321 1
322 8
323 7
324 2
325 6
326 10
327 1
328 9
329 6
330 7
331 4
332 1
333 6
334 2
335 2
336 8
337 7
338 10
339 1
340 7
341 6
342 0
343 10
344 10
345 0
346 8
347 6
348 4
349 8
350 7
351 4
352 6
353 2
354 3
355 10
356 5
357 7
358 4
359 10
360 6
361 3
362 10
363 2
364 7
365 1
366 7
367 0
368 7
369 7
370 7
371 4
372 2
373 9
374 1
375 7
376 7
377 9
378 4
