286 8
287 3
288 0
289 4
290 6
291 10
292 5
293 8
294 8
295 1
296 8
297 6
298 8
299 0
300 1
301 3
302 4
303 1
304 0
305 1
306 1
307 0
308 4
309 5
310 1
311 10
312 3
313 2
314 9
315 1
316 3
317 9
318 10
319 6
320 8
321 4
322 6
323 8
324 8
325 2
326 3
327 3
328 3
329 8
330 9
331 2
332 9
333 7
334 9
335 9
336 5
337 7
338 2
339 10
340 1
341 10
342 8
343 5
344 2
345 1
346 7
347 0
348 10
349 1
350 9
351 3
352 0
353 8
354 0
355 2
356 8
357 10
358 6
359 5
360 1
361 10
362 5
363 10
364 2
365 1
366 8
367 7
368 8
369 8
370 4
371 3
372 2
373 1
374 0
375 10
376 2
377 6
378 3
