187 8
188 10
189 1
190 6
191 1
192 1
193 4
194 10
195 6
196 4
197 5
198 10
199 10
200 0
201 6
202 7
203 10
204 8
205 6
206 6
207 8
208 -1
209 1
210 7
211 8
212 9
213 4
214 10
215 0
216 9
217 1
218 5
219 9
220 9
221 3
222 7
223 0
224 0
225 5
226 7
227 4
228 2
229 8
230 4
231 7
232 5
233 4
234 1
235 9
236 10
237 3
238 10
239 5
240 5
241 1
242 9
243 4
244 9
245 10
246 1
247 7
248 5
249 6
250 6
251 5
252 10
253 2
254 8
255 4
256 1
257 3
258 9
259 8
260 8
261 9
262 8
263 8
264 8
265 6
266 4
267 6
268 4
269 0
270 2
271 1
272 6
273 1
274 10
275 7
276 5
277 6
278 8
279 6
280 5
281 6
282 1
283 9
284 0
285 5
