286 4
287 5
288 3
289 8
290 2
291 0
292 4
293 2
294 6
295 5
296 7
297 9
298 4
299 6
300 4
301 1
302 6
303 2
304 0
305 5
306 1
307 8
308 0
309 4
310 1
311 1
312 8
313 0
314 1
315 5
316 2
317 8
318 9
319 6
320 10
321 2
322 4
323 4
324 9
325 8
326 4
327 5
328 7
329 5
330 2
331 4
332 7
333 3
334 10
335 7
336 1
337 7
338 8
339 1
340 4
341 8
342 9
343 10
344 4
345 0
346 9
347 1
348 10
349 5
350 0
351 9
352 7
353 2
354 5
355 10
356 0
357 10
358 0
359 10
360 1
361 8
362 0
363 7
364 7
365 4
366 6
367 6
368 1
369 4
370 7
371 1
372 4
373 1
374 9
375 3
376 7
377 2
378 7
