379 3
380 0
381 3
382 10
383 1
384 6
385 0
386 7
387 6
388 0
389 2
390 7
391 2
392 2
393 7
394 3
395 4
396 6
397 0
398 5
399 5
400 0
401 5
402 0
403 2
404 5
405 2
406 6
407 10
408 4
409 0
410 3
411 0
412 3
413 2
414 1
415 5
416 5
417 4
418 6
419 0
420 4
421 9
422 8
423 9
424 3
425 7
426 10
427 9
428 5
429 -1
430 7
431 4
432 3
433 10
434 2
435 6
436 3
437 4
438 1
439 7
440 1
441 5
442 2
443 7
444 7
445 7
446 6
447 10
448 2
449 5
450 2
451 7
452 6
453 1
454 10
455 2
456 1
457 7
458 4
459 5
460 7
461 10
462 6
463 7
464 2
465 3
466 8
467 1
468 4
469 8
470 9
471 1
472 1
473 2
474 4
475 9
