187 8
188 7
189 5
190 5
191 7
192 4
193 8
194 1
195 0
196 3
197 5
198 10
199 8
200 4
201 6
202 8
203 2
204 3
205 9
206 7
207 2
208 2
209 3
210 5
211 6
212 5
213 9
214 8
215 -1
216 6
217 9
218 10
219 5
220 1
221 1
222 8
223 8
224 5
225 4
226 3
227 6
228 7
229 1
230 5
231 4
232 4
233 8
234 7
235 10
236 2
237 0
238 8
239 6
240 7
241 2
242 5
243 7
244 8
245 5
246 7
247 5
248 10
249 10
250 4
251 3
252 5
253 2
254 2
255 5
256 8
257 4
258 6
259 7
260 0
261 0
262 8
263 0
264 10
265 10
266 9
267 10
268 1
269 8
270 7
271 2
272 0
273 10
274 9
275 10
276 10
277 2
278 8
279 1
280 2
281 5
282 7
283 10
284 5
285 3
