94 0
95 1
96 6
97 5
98 7
99 8
100 6
101 2
102 3
103 9
104 0
105 3
106 8
107 8
108 8
109 5
110 1
111 5
112 1
113 10
114 3
115 7
116 -1
117 10
118 5
119 8
120 10
121 4
122 1
123 4
124 5
125 6
126 8
127 4
128 8
129 10
130 9
131 2
132 2
133 6
134 8
135 3
136 0
137 4
138 9
139 5
140 7
141 1
142 10
143 10
144 8
145 0
146 3
147 3
148 6
149 8
150 0
151 0
152 9
153 6
154 10
155 10
156 8
157 5
158 2
159 3
160 2
161 2
162 1
163 7
164 10
165 8
166 6
167 6
168 6
169 10
170 3
171 6
172 8
173 0
174 2
175 1
176 1
177 9
178 0
179 1
180 3
181 1
182 10
183 3
184 2
185 10
186 10
