94 5
95 4
96 2
97 2
98 4
99 0
100 8
101 3
102 1
103 0
104 2
105 5
106 1
107 3
108 7
109 1
110 4
111 1
112 7
113 0
114 2
115 8
116 1
117 1
118 7
119 6
120 4
121 1
122 10
123 2
124 -1
125 6
126 4
127 8
128 5
129 10
130 4
131 10
132 3
133 3
134 1
135 6
136 0
137 1
138 2
139 5
140 5
141 0
142 2
143 7
144 8
145 9
146 4
147 10
148 6
149 5
150 9
151 2
152 1
153 4
154 0
155 5
156 5
157 0
158 1
159 10
160 7
161 4
162 3
163 2
164 2
165 6
166 8
167 8
168 0
169 5
170 10
171 8
172 3
173 10
174 9
175 4
176 9
177 4
178 3
179 1
180 7
181 10
182 5
183 10
184 9
185 9
186 7
