187 2
188 9
189 8
190 8
191 8
192 1
193 4
194 1
195 8
196 4
197 4
198 0
199 4
200 0
201 1
202 10
203 10
204 5
205 5
206 4
207 8
208 0
209 7
210 8
211 2
212 3
213 4
214 2
215 7
216 5
217 0
218 10
219 3
220 5
221 6
222 7
223 2
224 6
225 10
226 5
227 10
228 5
229 1
230 4
231 0
232 8
233 7
234 2
235 0
236 10
237 0
238 6
239 7
240 5
241 3
242 5
243 1
244 2
245 0
246 9
247 6
248 4
249 1
250 2
251 10
252 8
253 7
254 3
255 5
256 0
257 3
258 1
259 7
260 2
261 6
262 1
263 6
264 10
265 6
266 3
267 1
268 6
269 8
270 8
271 4
272 5
273 9
274 5
275 5
276 9
277 8
278 2
279 6
280 3
281 1
282 2
283 4
284 9
285 2
