94 3
95 5
96 4
97 5
98 0
99 9
100 9
101 5
102 -1
103 7
104 3
105 0
106 2
107 1
108 1
109 7
110 9
111 3
112 2
113 8
114 7
115 3
116 3
117 6
118 0
119 8
120 5
121 6
122 10
123 7
124 10
125 0
126 10
127 10
128 0
129 10
130 3
131 6
132 9
133 6
134 2
135 5
136 9
137 5
138 2
139 0
140 1
141 5
142 4
143 2
144 9
145 2
146 2
147 8
148 1
149 1
150 5
151 1
152 6
153 7
154 7
155 4
156 2
157 10
158 5
159 6
160 1
161 3
162 2
163 1
164 7
165 7
166 9
167 6
168 5
169 5
170 3
171 6
172 8
173 3
174 8
175 7
176 2
177 7
178 10
179 3
180 8
181 2
182 3
183 2
184 1
185 8
186 0
