286 2
287 8
288 1
289 0
290 4
291 2
292 9
293 0
294 1
295 10
296 5
297 5
298 3
299 9
300 2
301 7
302 9
303 4
304 3
305 8
306 5
307 3
308 10
309 1
310 7
311 2
312 8
313 1
314 9
315 6
316 10
317 8
318 1
319 8
320 0
321 6
322 9
323 10
324 10
325 0
326 2
327 4
328 7
329 3
330 1
331 1
332 4
333 9
334 7
335 9
336 6
337 3
338 9
339 7
340 0
341 10
342 1
343 7
344 3
345 10
346 0
347 6
348 7
349 9
350 6
351 2
352 0
353 6
354 -1
355 4
356 8
357 1
358 8
359 9
360 6
361 10
362 2
363 2
364 7
365 4
366 7
367 10
368 10
369 7
370 6
371 2
372 3
373 9
374 7
375 9
376 3
377 7
378 5
