286 4
287 9
288 5
289 9
290 3
291 7
292 9
293 1
294 1
295 4
296 1
297 9
298 8
299 2
300 6
301 0
302 10
303 9
304 4
305 6
306 8
307 0
308 7
309 1
310 9
311 7
312 6
313 6
314 9
315 2
316 2
317 8
318 4
319 1
320 10
321 6
322 10
323 7
324 2
325 9
326 8
327 7
328 2
329 7
330 3
331 3
332 9
333 3
334 9
335 7
336 4
337 6
338 10
339 8
340 8
341 2
342 6
343 4
344 10
345 10
346 2
347 0
348 5
349 3
350 8
351 -1
352 6
353 4
354 0
355 7
356 1
357 6
358 8
359 6
360 2
361 1
362 5
363 2
364 6
365 1
366 0
367 2
368 8
369 9
370 2
371 7
372 10
373 1
374 7
375 1
376 7
377 6
378 2
