187 6
188 3
189 1
190 0
191 0
192 3
193 5
194 7
195 6
196 1
197 5
198 3
199 10
200 5
201 9
202 9
203 7
204 5
205 5
206 7
207 5
208 0
209 7
210 -1
211 10
212 9
213 7
214 8
215 9
216 3
217 9
218 3
219 10
220 5
221 3
222 2
223 5
224 5
225 5
226 6
227 8
228 0
229 10
230 9
231 5
232 7
233 1
234 1
235 8
236 3
237 7
238 10
239 6
240 9
241 9
242 4
243 9
244 7
245 2
246 4
247 8
248 3
249 2
250 9
251 10
252 1
253 8
254 9
255 5
256 9
257 5
258 7
259 5
260 7
261 6
262 10
263 10
264 2
265 6
266 7
267 9
268 10
269 3
270 10
271 1
272 2
273 6
274 8
275 0
276 10
277 7
278 4
279 3
280 7
281 0
282 2
283 1
284 8
285 3
