94 10
95 4
96 6
97 9
98 2
99 7
100 1
101 8
102 5
103 7
104 9
105 3
106 0
107 5
108 6
109 5
110 2
111 10
112 3
113 7
114 1
115 8
116 6
117 0
118 6
119 3
120 6
121 7
122 8
123 3
124 -1
125 0
126 1
127 10
128 2
129 1
130 5
131 6
132 0
133 6
134 8
135 2
136 0
137 4
138 10
139 7
140 10
141 8
142 10
143 0
144 6
145 0
146 10
147 9
148 0
149 0
150 9
151 7
152 6
153 6
154 1
155 2
156 6
157 4
158 9
159 6
160 6
161 9
162 8
163 7
164 6
165 2
166 6
167 7
168 6
169 5
170 6
171 5
172 8
173 7
174 1
175 7
176 3
177 6
178 9
179 5
180 5
181 4
182 5
183 8
184 8
185 4
186 5
