94 5
95 7
96 1
97 8
98 9
99 7
100 1
101 8
102 3
103 6
104 7
105 2
106 2
107 0
108 0
109 5
110 7
111 6
112 5
113 2
114 1
115 1
116 9
117 10
118 2
119 1
120 8
121 10
122 8
123 10
124 0
125 1
126 0
127 9
128 0
129 5
130 5
131 2
132 1
133 1
134 1
135 7
136 10
137 5
138 1
139 8
140 6
141 8
142 2
143 10
144 4
145 6
146 10
147 4
148 1
149 0
150 9
151 5
152 -1
153 6
154 7
155 2
156 9
157 2
158 6
159 8
160 4
161 0
162 1
163 10
164 6
165 0
166 6
167 1
168 8
169 8
170 10
171 5
172 5
173 1
174 7
175 9
176 6
177 10
178 3
179 6
180 3
181 10
182 1
183 1
184 1
185 10
186 8
