379 2
380 0
381 10
382 7
383 7
384 8
385 6
386 7
387 0
388 5
389 0
390 9
391 2
392 8
393 9
394 2
395 5
396 1
397 5
398 3
399 6
400 3
401 1
402 6
403 3
404 7
405 0
406 7
407 2
408 8
409 3
410 1
411 6
412 5
413 10
414 2
415 -1
416 3
417 3
418 9
419 7
420 0
421 9
422 1
423 5
424 3
425 3
426 10
427 0
428 9
429 7
430 7
431 5
432 1
433 3
434 7
435 10
436 0
437 1
438 4
439 5
440 8
441 6
442 9
443 7
444 6
445 9
446 1
447 1
448 3
449 8
450 8
451 0
452 2
453 5
454 3
455 2
456 1
457 0
458 7
459 2
460 7
461 10
462 3
463 1
464 6
465 3
466 7
467 4
468 4
469 9
470 10
471 4
472 5
473 10
474 9
475 4
