94 10
95 0
96 7
97 6
98 8
99 0
100 0
101 1
102 8
103 6
104 0
105 4
106 2
107 0
108 7
109 1
110 9
111 6
112 10
113 10
114 6
115 5
116 9
117 3
118 10
119 8
120 0
121 10
122 1
123 9
124 2
125 10
126 6
127 8
128 0
129 9
130 4
131 2
132 10
133 0
134 8
135 6
136 3
137 6
138 6
139 0
140 8
141 7
142 2
143 5
144 5
145 2
146 3
147 9
148 3
149 2
150 4
151 8
152 6
153 3
154 7
155 9
156 3
157 5
158 8
159 5
160 6
161 2
162 1
163 7
164 9
165 1
166 3
167 8
168 10
169 5
170 9
171 2
172 4
173 8
174 6
175 6
176 3
177 5
178 9
179 4
180 6
181 6
182 8
183 2
184 5
185 4
186 7
