286 2
287 9
288 8
289 0
290 6
291 9
292 0
293 6
294 5
295 7
296 3
297 3
298 2
299 6
300 3
301 10
302 0
303 0
304 9
305 4
306 3
307 0
308 5
309 6
310 8
311 6
312 1
313 1
314 10
315 4
316 1
317 8
318 3
319 4
320 1
321 7
322 0
323 1
324 5
325 0
326 8
327 6
328 1
329 4
330 7
331 0
332 8
333 5
334 8
335 7
336 6
337 5
338 5
339 4
340 7
341 9
342 4
343 9
344 10
345 0
346 9
347 2
348 3
349 5
350 8
351 10
352 2
353 10
354 7
355 4
356 4
357 1
358 7
359 8
360 8
361 9
362 5
363 8
364 6
365 5
366 9
367 1
368 8
369 8
370 5
371 10
372 3
373 5
374 1
375 -1
376 2
377 2
378 5
