94 7
95 4
96 0
97 3
98 6
99 8
100 9
101 0
102 1
103 0
104 10
105 6
106 10
107 2
108 0
109 8
110 8
111 2
112 9
113 8
114 8
115 3
116 -1
117 8
118 5
119 3
120 1
121 0
122 3
123 4
124 2
125 2
126 1
127 5
128 4
129 0
130 8
131 3
132 1
133 3
134 1
135 2
136 3
137 10
138 3
139 0
140 2
141 8
142 5
143 4
144 6
145 4
146 4
147 4
148 0
149 0
150 5
151 2
152 6
153 6
154 9
155 5
156 8
157 9
158 10
159 5
160 6
161 3
162 3
163 4
164 7
165 8
166 4
167 7
168 5
169 10
170 3
171 3
172 9
173 9
174 4
175 4
176 8
177 4
178 7
179 9
180 9
181 9
182 7
183 3
184 8
185 1
186 6
