286 3
287 10
288 3
289 5
290 8
291 1
292 10
293 0
294 0
295 4
296 5
297 7
298 7
299 4
300 10
301 1
302 0
303 9
304 10
305 1
306 1
307 -1
308 1
309 4
310 4
311 2
312 6
313 5
314 3
315 8
316 7
317 10
318 4
319 8
320 2
321 3
322 2
323 6
324 1
325 0
326 7
327 0
328 5
329 9
330 0
331 7
332 8
333 3
334 8
335 8
336 10
337 3
338 2
339 1
340 7
341 6
342 9
343 8
344 4
345 0
346 8
347 0
348 0
349 8
350 4
351 3
352 3
353 4
354 7
355 5
356 10
357 7
358 6
359 1
360 7
361 10
362 1
363 2
364 5
365 3
366 10
367 10
368 7
369 7
370 6
371 1
372 4
373 5
374 10
375 9
376 7
377 2
378 5
