286 3
287 8
288 4
289 2
290 8
291 5
292 6
293 1
294 4
295 -1
296 9
297 0
298 7
299 9
300 4
301 10
302 2
303 10
304 2
305 8
306 5
307 10
308 10
309 8
310 8
311 9
312 10
313 5
314 2
315 9
316 4
317 10
318 8
319 0
320 8
321 0
322 9
323 5
324 7
325 2
326 10
327 8
328 5
329 6
330 7
331 3
332 9
333 5
334 1
335 6
336 10
337 4
338 4
339 0
340 4
341 7
342 6
343 0
344 5
345 10
346 2
347 5
348 1
349 10
350 4
351 6
352 1
353 10
354 7
355 10
356 8
357 3
358 2
359 1
360 9
361 0
362 9
363 10
364 1
365 2
366 0
367 0
368 4
369 9
370 2
371 10
372 3
373 2
374 2
375 1
376 0
377 7
378 7
