94 10
95 6
96 9
97 8
98 2
99 4
100 6
101 5
102 9
103 3
104 10
105 8
106 10
107 6
108 4
109 10
110 10
111 0
112 4
113 8
114 4
115 10
116 1
117 7
118 10
119 6
120 8
121 2
122 8
123 5
124 8
125 5
126 3
127 9
128 4
129 3
130 8
131 7
132 3
133 10
134 3
135 3
136 10
137 3
138 6
139 1
140 4
141 3
142 8
143 2
144 2
145 9
146 0
147 6
148 5
149 0
150 1
151 5
152 9
153 3
154 1
155 7
156 6
157 5
158 10
159 2
160 3
161 1
162 6
163 5
164 0
165 6
166 1
167 3
168 3
169 7
170 2
171 0
172 7
173 7
174 8
175 0
176 1
177 9
178 5
179 4
180 2
181 8
182 9
183 5
184 2
185 4
186 2
