379 4
380 7
381 7
382 8
383 10
384 2
385 7
386 8
387 10
388 1
389 7
390 2
391 -1
392 10
393 2
394 10
395 8
396 5
397 2
398 4
399 7
400 5
401 9
402 7
403 6
404 1
405 2
406 6
407 4
408 6
409 5
410 1
411 6
412 5
413 0
414 0
415 10
416 5
417 0
418 10
419 5
420 9
421 9
422 4
423 2
424 10
425 5
426 3
427 4
428 4
429 1
430 0
431 7
432 1
433 6
434 3
435 8
436 3
437 9
438 4
439 5
440 2
441 0
442 0
443 0
444 2
445 5
446 0
447 10
448 1
449 7
450 2
451 1
452 1
453 1
454 2
455 4
456 3
457 5
458 9
459 5
460 5
461 10
462 8
463 8
464 3
465 8
466 10
467 3
468 9
469 1
470 8
471 0
472 3
473 6
474 2
475 4
