187 10
188 4
189 8
190 3
191 7
192 1
193 6
194 4
195 4
196 1
197 0
198 6
199 5
200 6
201 5
202 2
203 5
204 10
205 0
206 4
207 6
208 6
209 5
210 10
211 8
212 10
213 10
214 2
215 4
216 5
217 6
218 -1
219 3
220 10
221 10
222 2
223 8
224 0
225 8
226 5
227 5
228 8
229 5
230 10
231 1
232 5
233 6
234 4
235 4
236 0
237 1
238 6
239 4
240 1
241 3
242 5
243 6
244 7
245 7
246 3
247 5
248 1
249 8
250 7
251 1
252 4
253 10
254 9
255 5
256 0
257 7
258 2
259 8
260 8
261 1
262 5
263 8
264 7
265 10
266 1
267 2
268 10
269 10
270 9
271 8
272 3
273 2
274 1
275 8
276 7
277 2
278 6
279 6
280 5
281 3
282 1
283 8
284 9
285 5
