379 6
380 6
381 0
382 5
383 4
384 6
385 0
386 8
387 9
388 10
389 5
390 0
391 9
392 5
393 6
394 0
395 5
396 7
397 10
398 5
399 10
400 10
401 8
402 1
403 1
404 4
405 3
406 2
407 9
408 0
409 6
410 6
411 4
412 7
413 0
414 7
415 5
416 8
417 3
418 3
419 4
420 1
421 8
422 6
423 7
424 2
425 5
426 0
427 6
428 3
429 7
430 5
431 5
432 2
433 5
434 7
435 5
436 9
437 6
438 0
439 4
440 1
441 10
442 6
443 6
444 10
445 5
446 5
447 4
448 0
449 9
450 7
451 5
452 10
453 2
454 7
455 2
456 1
457 1
458 4
459 9
460 2
461 2
462 9
463 2
464 7
465 5
466 10
467 1
468 6
469 7
470 7
471 8
472 4
473 5
474 10
475 7
